task 0 has started...
Beginning latency timing test. Number of reps = 1000.
***************************************************
Rep#       T1               T2            deltaT
task 1 has started...
   1  1468506049.11511111  1468506049.11515903  0.00004792
   2  1468506049.11525106  1468506049.11526489  0.00001383
   3  1468506049.11533594  1468506049.11534691  0.00001097
   4  1468506049.11541700  1468506049.11542797  0.00001097
   5  1468506049.11549592  1468506049.11550689  0.00001097
   6  1468506049.11557508  1468506049.11558604  0.00001097
   7  1468506049.11565590  1468506049.11566591  0.00001001
   8  1468506049.11573505  1468506049.11574602  0.00001097
   9  1468506049.11581397  1468506049.11582494  0.00001097
  10  1468506049.11589289  1468506049.11590290  0.00001001
  11  1468506049.11597109  1468506049.11598206  0.00001097
  12  1468506049.11605000  1468506049.11606097  0.00001097
  13  1468506049.11612797  1468506049.11613894  0.00001097
  14  1468506049.11620593  1468506049.11621690  0.00001097
  15  1468506049.11628509  1468506049.11629605  0.00001097
  16  1468506049.11636305  1468506049.11637402  0.00001097
  17  1468506049.11644197  1468506049.11645198  0.00001001
  18  1468506049.11651897  1468506049.11652994  0.00001097
  19  1468506049.11659598  1468506049.11660695  0.00001097
  20  1468506049.11667490  1468506049.11668611  0.00001121
  21  1468506049.11675310  1468506049.11676407  0.00001097
  22  1468506049.11683106  1468506049.11684203  0.00001097
  23  1468506049.11690998  1468506049.11692095  0.00001097
  24  1468506049.11698794  1468506049.11702800  0.00004005
  25  1468506049.11709905  1468506049.11711001  0.00001097
  26  1468506049.11717796  1468506049.11718893  0.00001097
  27  1468506049.11725497  1468506049.11726594  0.00001097
  28  1468506049.11733198  1468506049.11734295  0.00001097
  29  1468506049.11740994  1468506049.11741996  0.00001001
  30  1468506049.11748695  1468506049.11749792  0.00001097
  31  1468506049.11756492  1468506049.11757588  0.00001097
  32  1468506049.11764193  1468506049.11765289  0.00001097
  33  1468506049.11772108  1468506049.11773205  0.00001097
  34  1468506049.11779809  1468506049.11780906  0.00001097
  35  1468506049.11787701  1468506049.11788702  0.00001001
  36  1468506049.11795402  1468506049.11796498  0.00001097
  37  1468506049.11803102  1468506049.11804199  0.00001097
  38  1468506049.11810899  1468506049.11811900  0.00001001
  39  1468506049.11818695  1468506049.11819696  0.00001001
  40  1468506049.11826301  1468506049.11827397  0.00001097
  41  1468506049.11834097  1468506049.11835194  0.00001097
  42  1468506049.11841893  1468506049.11842990  0.00001097
  43  1468506049.11849594  1468506049.11850691  0.00001097
  44  1468506049.11857390  1468506049.11858392  0.00001001
  45  1468506049.11865091  1468506049.11866093  0.00001001
  46  1468506049.11872911  1468506049.11873889  0.00000978
  47  1468506049.11880803  1468506049.11881804  0.00001001
  48  1468506049.11888409  1468506049.11889505  0.00001097
  49  1468506049.11896205  1468506049.11897206  0.00001001
  50  1468506049.11903906  1468506049.11904907  0.00001001
  51  1468506049.11911702  1468506049.11912704  0.00001001
  52  1468506049.11919403  1468506049.11920500  0.00001097
  53  1468506049.11927104  1468506049.11928105  0.00001001
  54  1468506049.11934805  1468506049.11935806  0.00001001
  55  1468506049.11942506  1468506049.11943603  0.00001097
  56  1468506049.11950302  1468506049.11951303  0.00001001
  57  1468506049.11958003  1468506049.11959100  0.00001097
  58  1468506049.11965704  1468506049.11966801  0.00001097
  59  1468506049.11973500  1468506049.11974812  0.00001311
  60  1468506049.11981392  1468506049.11982489  0.00001097
  61  1468506049.11989188  1468506049.11990309  0.00001121
  62  1468506049.11996889  1468506049.11998010  0.00001121
  63  1468506049.12005091  1468506049.12006211  0.00001121
  64  1468506049.12012911  1468506049.12014008  0.00001097
  65  1468506049.12020612  1468506049.12021708  0.00001097
  66  1468506049.12028408  1468506049.12029505  0.00001097
  67  1468506049.12040305  1468506049.12041402  0.00001097
  68  1468506049.12048888  1468506049.12050200  0.00001311
  69  1468506049.12057209  1468506049.12058306  0.00001097
  70  1468506049.12065005  1468506049.12066102  0.00001097
  71  1468506049.12073112  1468506049.12074399  0.00001287
  72  1468506049.12081003  1468506049.12082100  0.00001097
  73  1468506049.12088799  1468506049.12089896  0.00001097
  74  1468506049.12096596  1468506049.12097692  0.00001097
  75  1468506049.12104511  1468506049.12105489  0.00000978
  76  1468506049.12112093  1468506049.12113190  0.00001097
  77  1468506049.12120008  1468506049.12121010  0.00001001
  78  1468506049.12127709  1468506049.12128711  0.00001001
  79  1468506049.12135410  1468506049.12136412  0.00001001
  80  1468506049.12143111  1468506049.12144208  0.00001097
  81  1468506049.12150788  1468506049.12151790  0.00001001
  82  1468506049.12158608  1468506049.12159610  0.00001001
  83  1468506049.12166405  1468506049.12167406  0.00001001
  84  1468506049.12174106  1468506049.12175107  0.00001001
  85  1468506049.12181807  1468506049.12182903  0.00001097
  86  1468506049.12189603  1468506049.12190700  0.00001097
  87  1468506049.12197399  1468506049.12198400  0.00001001
  88  1468506049.12205100  1468506049.12206101  0.00001001
  89  1468506049.12212896  1468506049.12213898  0.00001001
  90  1468506049.12220597  1468506049.12221599  0.00001001
  91  1468506049.12228298  1468506049.12229300  0.00001001
  92  1468506049.12235904  1468506049.12236905  0.00001001
  93  1468506049.12243605  1468506049.12244701  0.00001097
  94  1468506049.12251306  1468506049.12252307  0.00001001
  95  1468506049.12259102  1468506049.12260103  0.00001001
  96  1468506049.12266803  1468506049.12267900  0.00001097
  97  1468506049.12274504  1468506049.12275600  0.00001097
  98  1468506049.12282205  1468506049.12283206  0.00001001
  99  1468506049.12289906  1468506049.12290907  0.00001001
 100  1468506049.12297511  1468506049.12298608  0.00001097
 101  1468506049.12305188  1468506049.12306309  0.00001121
 102  1468506049.12313008  1468506049.12314105  0.00001097
 103  1468506049.12320900  1468506049.12321901  0.00001001
 104  1468506049.12328601  1468506049.12329698  0.00001097
 105  1468506049.12336302  1468506049.12337399  0.00001097
 106  1468506049.12344098  1468506049.12345099  0.00001001
 107  1468506049.12351704  1468506049.12352800  0.00001097
 108  1468506049.12359500  1468506049.12360501  0.00001001
 109  1468506049.12367201  1468506049.12368202  0.00001001
 110  1468506049.12374902  1468506049.12375998  0.00001097
 111  1468506049.12382698  1468506049.12383699  0.00001001
 112  1468506049.12390494  1468506049.12391496  0.00001001
 113  1468506049.12398291  1468506049.12399292  0.00001001
 114  1468506049.12405992  1468506049.12406993  0.00001001
 115  1468506049.12413692  1468506049.12414789  0.00001097
 116  1468506049.12421489  1468506049.12422490  0.00001001
 117  1468506049.12429404  1468506049.12430406  0.00001001
 118  1468506049.12437010  1468506049.12438107  0.00001097
 119  1468506049.12444806  1468506049.12446189  0.00001383
 120  1468506049.12452793  1468506049.12453890  0.00001097
 121  1468506049.12463903  1468506049.12465000  0.00001097
 122  1468506049.12471700  1468506049.12472796  0.00001097
 123  1468506049.12479496  1468506049.12480593  0.00001097
 124  1468506049.12487698  1468506049.12488699  0.00001001
 125  1468506049.12495494  1468506049.12496495  0.00001001
 126  1468506049.12503099  1468506049.12504196  0.00001097
 127  1468506049.12510896  1468506049.12511992  0.00001097
 128  1468506049.12518692  1468506049.12519789  0.00001097
 129  1468506049.12526798  1468506049.12527800  0.00001001
 130  1468506049.12534499  1468506049.12535596  0.00001097
 131  1468506049.12542295  1468506049.12543297  0.00001001
 132  1468506049.12551403  1468506049.12552595  0.00001192
 133  1468506049.12559390  1468506049.12560511  0.00001121
 134  1468506049.12567306  1468506049.12568402  0.00001097
 135  1468506049.12575102  1468506049.12576199  0.00001097
 136  1468506049.12582994  1468506049.12584090  0.00001097
 137  1468506049.12590790  1468506049.12591910  0.00001121
 138  1468506049.12598610  1468506049.12599707  0.00001097
 139  1468506049.12606406  1468506049.12607503  0.00001097
 140  1468506049.12614202  1468506049.12615204  0.00001001
 141  1468506049.12621999  1468506049.12623000  0.00001001
 142  1468506049.12629700  1468506049.12630796  0.00001097
 143  1468506049.12637591  1468506049.12638593  0.00001001
 144  1468506049.12645292  1468506049.12646294  0.00001001
 145  1468506049.12652993  1468506049.12654090  0.00001097
 146  1468506049.12660789  1468506049.12661910  0.00001121
 147  1468506049.12668610  1468506049.12669611  0.00001001
 148  1468506049.12676311  1468506049.12677312  0.00001001
 149  1468506049.12684011  1468506049.12684989  0.00000978
 150  1468506049.12691689  1468506049.12692690  0.00001001
 151  1468506049.12699509  1468506049.12700510  0.00001001
 152  1468506049.12707210  1468506049.12708306  0.00001097
 153  1468506049.12714911  1468506049.12716007  0.00001097
 154  1468506049.12722707  1468506049.12723804  0.00001097
 155  1468506049.12730598  1468506049.12731600  0.00001001
 156  1468506049.12738299  1468506049.12739396  0.00001097
 157  1468506049.12746096  1468506049.12747097  0.00001001
 158  1468506049.12753892  1468506049.12754893  0.00001001
 159  1468506049.12761593  1468506049.12762690  0.00001097
 160  1468506049.12769389  1468506049.12770391  0.00001001
 161  1468506049.12777090  1468506049.12778211  0.00001121
 162  1468506049.12784910  1468506049.12786007  0.00001097
 163  1468506049.12792706  1468506049.12793708  0.00001001
 164  1468506049.12800407  1468506049.12801409  0.00001001
 165  1468506049.12808204  1468506049.12809205  0.00001001
 166  1468506049.12815809  1468506049.12816906  0.00001097
 167  1468506049.12823606  1468506049.12824607  0.00001001
 168  1468506049.12834311  1468506049.12835407  0.00001097
 169  1468506049.12842202  1468506049.12843204  0.00001001
 170  1468506049.12850094  1468506049.12851095  0.00001001
 171  1468506049.12857890  1468506049.12858891  0.00001001
 172  1468506049.12865591  1468506049.12866592  0.00001001
 173  1468506049.12873292  1468506049.12874293  0.00001001
 174  1468506049.12880993  1468506049.12882090  0.00001097
 175  1468506049.12888789  1468506049.12889791  0.00001001
 176  1468506049.12896490  1468506049.12897491  0.00001001
 177  1468506049.12904310  1468506049.12905407  0.00001097
 178  1468506049.12912011  1468506049.12913108  0.00001097
 179  1468506049.12919807  1468506049.12921095  0.00001287
 180  1468506049.12930202  1468506049.12931299  0.00001097
 181  1468506049.12938094  1468506049.12939095  0.00001001
 182  1468506049.12945795  1468506049.12946892  0.00001097
 183  1468506049.12953711  1468506049.12954807  0.00001097
 184  1468506049.12961602  1468506049.12962604  0.00001001
 185  1468506049.12969303  1468506049.12970304  0.00001001
 186  1468506049.12977004  1468506049.12978005  0.00001001
 187  1468506049.12984705  1468506049.12985802  0.00001097
 188  1468506049.12992501  1468506049.12993503  0.00001001
 189  1468506049.13000202  1468506049.13001299  0.00001097
 190  1468506049.13007998  1468506049.13009000  0.00001001
 191  1468506049.13015699  1468506049.13016796  0.00001097
 192  1468506049.13023496  1468506049.13029289  0.00005794
 193  1468506049.13038492  1468506049.13039708  0.00001216
 194  1468506049.13047099  1468506049.13048291  0.00001192
 195  1468506049.13055396  1468506049.13056397  0.00001001
 196  1468506049.13063192  1468506049.13064194  0.00001001
 197  1468506049.13070893  1468506049.13071990  0.00001097
 198  1468506049.13078594  1468506049.13079691  0.00001097
 199  1468506049.13086390  1468506049.13087511  0.00001121
 200  1468506049.13094091  1468506049.13095188  0.00001097
 201  1468506049.13101912  1468506049.13102889  0.00000978
 202  1468506049.13109589  1468506049.13110590  0.00001001
 203  1468506049.13117409  1468506049.13118410  0.00001001
 204  1468506049.13125110  1468506049.13126206  0.00001097
 205  1468506049.13132811  1468506049.13133907  0.00001097
 206  1468506049.13140512  1468506049.13141489  0.00000978
 207  1468506049.13148308  1468506049.13149309  0.00001001
 208  1468506049.13156199  1468506049.13157296  0.00001097
 209  1468506049.13163996  1468506049.13164997  0.00001001
 210  1468506049.13171792  1468506049.13172793  0.00001001
 211  1468506049.13179398  1468506049.13180399  0.00001001
 212  1468506049.13187099  1468506049.13188100  0.00001001
 213  1468506049.13194799  1468506049.13195801  0.00001001
 214  1468506049.13202405  1468506049.13203502  0.00001097
 215  1468506049.13210201  1468506049.13211203  0.00001001
 216  1468506049.13217902  1468506049.13218904  0.00001001
 217  1468506049.13225603  1468506049.13226700  0.00001097
 218  1468506049.13233304  1468506049.13234305  0.00001001
 219  1468506049.13241005  1468506049.13242006  0.00001001
 220  1468506049.13248610  1468506049.13249612  0.00001001
 221  1468506049.13256192  1468506049.13257289  0.00001097
 222  1468506049.13263988  1468506049.13265109  0.00001121
 223  1468506049.13271904  1468506049.13272905  0.00001001
 224  1468506049.13279700  1468506049.13280702  0.00001001
 225  1468506049.13287401  1468506049.13288403  0.00001001
 226  1468506049.13295102  1468506049.13296103  0.00001001
 227  1468506049.13302803  1468506049.13303804  0.00001001
 228  1468506049.13310504  1468506049.13311601  0.00001097
 229  1468506049.13318205  1468506049.13319302  0.00001097
 230  1468506049.13326097  1468506049.13327098  0.00001001
 231  1468506049.13333893  1468506049.13334990  0.00001097
 232  1468506049.13341594  1468506049.13342690  0.00001097
 233  1468506049.13349295  1468506049.13350296  0.00001001
 234  1468506049.13356996  1468506049.13357997  0.00001001
 235  1468506049.13364792  1468506049.13365793  0.00001001
 236  1468506049.13372493  1468506049.13373590  0.00001097
 237  1468506049.13380408  1468506049.13381410  0.00001001
 238  1468506049.13388109  1468506049.13389206  0.00001097
 239  1468506049.13395905  1468506049.13397288  0.00001383
 240  1468506049.13404012  1468506049.13404989  0.00000978
 241  1468506049.13411808  1468506049.13412905  0.00001097
 242  1468506049.13419604  1468506049.13420606  0.00001001
 243  1468506049.13427305  1468506049.13428402  0.00001097
 244  1468506049.13435102  1468506049.13436103  0.00001001
 245  1468506049.13442898  1468506049.13443899  0.00001001
 246  1468506049.13450599  1468506049.13451695  0.00001097
 247  1468506049.13458490  1468506049.13459492  0.00001001
 248  1468506049.13466096  1468506049.13467193  0.00001097
 249  1468506049.13473892  1468506049.13474989  0.00001097
 250  1468506049.13481688  1468506049.13482690  0.00001001
 251  1468506049.13489389  1468506049.13490510  0.00001121
 252  1468506049.13497090  1468506049.13498211  0.00001121
 253  1468506049.13505006  1468506049.13506007  0.00001001
 254  1468506049.13512707  1468506049.13513708  0.00001001
 255  1468506049.13520503  1468506049.13521600  0.00001097
 256  1468506049.13528299  1468506049.13529396  0.00001097
 257  1468506049.13536096  1468506049.13537192  0.00001097
 258  1468506049.13543892  1468506049.13544893  0.00001001
 259  1468506049.13551688  1468506049.13552690  0.00001001
 260  1468506049.13559389  1468506049.13560390  0.00001001
 261  1468506049.13567090  1468506049.13568091  0.00001001
 262  1468506049.13574791  1468506049.13575912  0.00001121
 263  1468506049.13582706  1468506049.13583708  0.00001001
 264  1468506049.13590503  1468506049.13591504  0.00001001
 265  1468506049.13598299  1468506049.13599300  0.00001001
 266  1468506049.13606000  1468506049.13607001  0.00001001
 267  1468506049.13613605  1468506049.13614702  0.00001097
 268  1468506049.13621211  1468506049.13622308  0.00001097
 269  1468506049.13628888  1468506049.13629889  0.00001001
 270  1468506049.13636494  1468506049.13637590  0.00001097
 271  1468506049.13644290  1468506049.13645411  0.00001121
 272  1468506049.13652110  1468506049.13653207  0.00001097
 273  1468506049.13659811  1468506049.13660908  0.00001097
 274  1468506049.13667607  1468506049.13668609  0.00001001
 275  1468506049.13675308  1468506049.13676310  0.00001001
 276  1468506049.13683105  1468506049.13684201  0.00001097
 277  1468506049.13690805  1468506049.13691902  0.00001097
 278  1468506049.13698697  1468506049.13699794  0.00001097
 279  1468506049.13709402  1468506049.13710403  0.00001001
 280  1468506049.13717198  1468506049.13720989  0.00003791
 281  1468506049.13728094  1468506049.13729310  0.00001216
 282  1468506049.13736010  1468506049.13737106  0.00001097
 283  1468506049.13743711  1468506049.13744807  0.00001097
 284  1468506049.13751507  1468506049.13752604  0.00001097
 285  1468506049.13759303  1468506049.13760304  0.00001001
 286  1468506049.13766909  1468506049.13767910  0.00001001
 287  1468506049.13774705  1468506049.13775706  0.00001001
 288  1468506049.13784909  1468506049.13786006  0.00001097
 289  1468506049.13792801  1468506049.13793898  0.00001097
 290  1468506049.13800693  1468506049.13801694  0.00001001
 291  1468506049.13808608  1468506049.13809609  0.00001001
 292  1468506049.13816404  1468506049.13817406  0.00001001
 293  1468506049.13824105  1468506049.13825107  0.00001001
 294  1468506049.13831806  1468506049.13832808  0.00001001
 295  1468506049.13839602  1468506049.13840604  0.00001001
 296  1468506049.13847303  1468506049.13848400  0.00001097
 297  1468506049.13855100  1468506049.13856196  0.00001097
 298  1468506049.13862896  1468506049.13863897  0.00001001
 299  1468506049.13870597  1468506049.13872004  0.00001407
 300  1468506049.13878608  1468506049.13879704  0.00001097
 301  1468506049.13886309  1468506049.13887405  0.00001097
 302  1468506049.13894105  1468506049.13895106  0.00001001
 303  1468506049.13901901  1468506049.13902903  0.00001001
 304  1468506049.13909602  1468506049.13910794  0.00001192
 305  1468506049.13917494  1468506049.13918495  0.00001001
 306  1468506049.13925195  1468506049.13926196  0.00001001
 307  1468506049.13932800  1468506049.13933802  0.00001001
 308  1468506049.13940501  1468506049.13941503  0.00001001
 309  1468506049.13948298  1468506049.13949299  0.00001001
 310  1468506049.13955998  1468506049.13957000  0.00001001
 311  1468506049.13963795  1468506049.13964796  0.00001001
 312  1468506049.13971496  1468506049.13972592  0.00001097
 313  1468506049.13979292  1468506049.13980293  0.00001001
 314  1468506049.13986897  1468506049.13987994  0.00001097
 315  1468506049.13994694  1468506049.13995790  0.00001097
 316  1468506049.14002490  1468506049.14003611  0.00001121
 317  1468506049.14010310  1468506049.14011312  0.00001001
 318  1468506049.14018106  1468506049.14019108  0.00001001
 319  1468506049.14025807  1468506049.14026809  0.00001001
 320  1468506049.14036107  1468506049.14037204  0.00001097
 321  1468506049.14044404  1468506049.14045811  0.00001407
 322  1468506049.14052892  1468506049.14054108  0.00001216
 323  1468506049.14060807  1468506049.14061904  0.00001097
 324  1468506049.14068699  1468506049.14069796  0.00001097
 325  1468506049.14076495  1468506049.14077497  0.00001001
 326  1468506049.14084196  1468506049.14085293  0.00001097
 327  1468506049.14091992  1468506049.14092994  0.00001001
 328  1468506049.14099693  1468506049.14100695  0.00001001
 329  1468506049.14107394  1468506049.14108491  0.00001097
 330  1468506049.14115310  1468506049.14116311  0.00001001
 331  1468506049.14123106  1468506049.14124107  0.00001001
 332  1468506049.14130712  1468506049.14131808  0.00001097
 333  1468506049.14138389  1468506049.14139509  0.00001121
 334  1468506049.14146209  1468506049.14147210  0.00001001
 335  1468506049.14154005  1468506049.14155006  0.00001001
 336  1468506049.14161706  1468506049.14162803  0.00001097
 337  1468506049.14169407  1468506049.14170504  0.00001097
 338  1468506049.14177108  1468506049.14178205  0.00001097
 339  1468506049.14184904  1468506049.14185905  0.00001001
 340  1468506049.14192605  1468506049.14193702  0.00001097
 341  1468506049.14200401  1468506049.14201403  0.00001001
 342  1468506049.14208007  1468506049.14209104  0.00001097
 343  1468506049.14215803  1468506049.14216805  0.00001001
 344  1468506049.14223504  1468506049.14224601  0.00001097
 345  1468506049.14231396  1468506049.14232492  0.00001097
 346  1468506049.14239192  1468506049.14240289  0.00001097
 347  1468506049.14246988  1468506049.14248109  0.00001121
 348  1468506049.14254689  1468506049.14255810  0.00001121
 349  1468506049.14262509  1468506049.14263511  0.00001001
 350  1468506049.14270091  1468506049.14271212  0.00001121
 351  1468506049.14277911  1468506049.14279008  0.00001097
 352  1468506049.14285588  1468506049.14286709  0.00001121
 353  1468506049.14293289  1468506049.14294410  0.00001121
 354  1468506049.14301109  1468506049.14302111  0.00001001
 355  1468506049.14308691  1468506049.14309692  0.00001001
 356  1468506049.14316392  1468506049.14317489  0.00001097
 357  1468506049.14324188  1468506049.14325309  0.00001121
 358  1468506049.14331889  1468506049.14333010  0.00001121
 359  1468506049.14339805  1468506049.14341092  0.00001287
 360  1468506049.14347696  1468506049.14348793  0.00001097
 361  1468506049.14355493  1468506049.14356494  0.00001001
 362  1468506049.14363194  1468506049.14364290  0.00001097
 363  1468506049.14370894  1468506049.14371991  0.00001097
 364  1468506049.14378500  1468506049.14379597  0.00001097
 365  1468506049.14386296  1468506049.14387298  0.00001001
 366  1468506049.14393997  1468506049.14394999  0.00001001
 367  1468506049.14401793  1468506049.14402795  0.00001001
 368  1468506049.14409494  1468506049.14410496  0.00001001
 369  1468506049.14417195  1468506049.14418197  0.00001001
 370  1468506049.14424896  1468506049.14425898  0.00001001
 371  1468506049.14432693  1468506049.14433694  0.00001001
 372  1468506049.14440489  1468506049.14441490  0.00001001
 373  1468506049.14448190  1468506049.14449191  0.00001001
 374  1468506049.14455891  1468506049.14456892  0.00001001
 375  1468506049.14463592  1468506049.14464688  0.00001097
 376  1468506049.14471292  1468506049.14472389  0.00001097
 377  1468506049.14479399  1468506049.14480495  0.00001097
 378  1468506049.14487195  1468506049.14488292  0.00001097
 379  1468506049.14494896  1468506049.14495993  0.00001097
 380  1468506049.14502692  1468506049.14503694  0.00001001
 381  1468506049.14510393  1468506049.14511395  0.00001001
 382  1468506049.14518094  1468506049.14519095  0.00001001
 383  1468506049.14525795  1468506049.14526796  0.00001001
 384  1468506049.14533496  1468506049.14534593  0.00001097
 385  1468506049.14541292  1468506049.14542294  0.00001001
 386  1468506049.14549088  1468506049.14550090  0.00001001
 387  1468506049.14556909  1468506049.14557910  0.00001001
 388  1468506049.14564610  1468506049.14565706  0.00001097
 389  1468506049.14572310  1468506049.14573312  0.00001001
 390  1468506049.14580011  1468506049.14581108  0.00001097
 391  1468506049.14587808  1468506049.14588809  0.00001001
 392  1468506049.14595604  1468506049.14596701  0.00001097
 393  1468506049.14606309  1468506049.14607310  0.00001001
 394  1468506049.14614105  1468506049.14615202  0.00001097
 395  1468506049.14621902  1468506049.14622903  0.00001001
 396  1468506049.14629602  1468506049.14630699  0.00001097
 397  1468506049.14637399  1468506049.14638495  0.00001097
 398  1468506049.14645195  1468506049.14646196  0.00001001
 399  1468506049.14652991  1468506049.14654112  0.00001121
 400  1468506049.14660811  1468506049.14661789  0.00000978
 401  1468506049.14668489  1468506049.14669490  0.00001001
 402  1468506049.14676309  1468506049.14677310  0.00001001
 403  1468506049.14683890  1468506049.14685011  0.00001121
 404  1468506049.14691710  1468506049.14692712  0.00001001
 405  1468506049.14699411  1468506049.14700508  0.00001097
 406  1468506049.14707208  1468506049.14708209  0.00001001
 407  1468506049.14715004  1468506049.14716101  0.00001097
 408  1468506049.14722800  1468506049.14723802  0.00001001
 409  1468506049.14730597  1468506049.14731598  0.00001001
 410  1468506049.14738297  1468506049.14739394  0.00001097
 411  1468506049.14746189  1468506049.14747190  0.00001001
 412  1468506049.14753890  1468506049.14754891  0.00001001
 413  1468506049.14761710  1468506049.14762712  0.00001001
 414  1468506049.14769506  1468506049.14770508  0.00001001
 415  1468506049.14777303  1468506049.14778304  0.00001001
 416  1468506049.14785004  1468506049.14786005  0.00001001
 417  1468506049.14792895  1468506049.14793897  0.00001001
 418  1468506049.14800596  1468506049.14801693  0.00001097
 419  1468506049.14808393  1468506049.14809704  0.00001311
 420  1468506049.14816499  1468506049.14817500  0.00001001
 421  1468506049.14824200  1468506049.14825201  0.00001001
 422  1468506049.14831901  1468506049.14832997  0.00001097
 423  1468506049.14839697  1468506049.14840794  0.00001097
 424  1468506049.14847493  1468506049.14848495  0.00001001
 425  1468506049.14855289  1468506049.14856291  0.00001001
 426  1468506049.14863110  1468506049.14864111  0.00001001
 427  1468506049.14870811  1468506049.14871907  0.00001097
 428  1468506049.14878607  1468506049.14879704  0.00001097
 429  1468506049.14887595  1468506049.14888692  0.00001097
 430  1468506049.14895296  1468506049.14896393  0.00001097
 431  1468506049.14903212  1468506049.14904308  0.00001097
 432  1468506049.14911008  1468506049.14912009  0.00001001
 433  1468506049.14918804  1468506049.14919806  0.00001001
 434  1468506049.14926505  1468506049.14927506  0.00001001
 435  1468506049.14934301  1468506049.14935303  0.00001001
 436  1468506049.14942002  1468506049.14943099  0.00001097
 437  1468506049.14949799  1468506049.14950895  0.00001097
 438  1468506049.14957690  1468506049.14958811  0.00001121
 439  1468506049.14965606  1468506049.14966607  0.00001001
 440  1468506049.14973402  1468506049.14974403  0.00001001
 441  1468506049.14981103  1468506049.14982200  0.00001097
 442  1468506049.14988899  1468506049.14989901  0.00001001
 443  1468506049.14996600  1468506049.14997602  0.00001001
 444  1468506049.15004301  1468506049.15005398  0.00001097
 445  1468506049.15012002  1468506049.15013099  0.00001097
 446  1468506049.15019894  1468506049.15020895  0.00001001
 447  1468506049.15027595  1468506049.15028691  0.00001097
 448  1468506049.15038204  1468506049.15040588  0.00002384
 449  1468506049.15048003  1468506049.15049291  0.00001287
 450  1468506049.15056109  1468506049.15057206  0.00001097
 451  1468506049.15063906  1468506049.15065002  0.00001097
 452  1468506049.15071607  1468506049.15072703  0.00001097
 453  1468506049.15079498  1468506049.15080500  0.00001001
 454  1468506049.15087295  1468506049.15088296  0.00001001
 455  1468506049.15095091  1468506049.15096211  0.00001121
 456  1468506049.15102911  1468506049.15103889  0.00000978
 457  1468506049.15110493  1468506049.15111589  0.00001097
 458  1468506049.15118289  1468506049.15119410  0.00001121
 459  1468506049.15126109  1468506049.15127110  0.00001001
 460  1468506049.15133810  1468506049.15134907  0.00001097
 461  1468506049.15141606  1468506049.15142608  0.00001001
 462  1468506049.15149212  1468506049.15150309  0.00001097
 463  1468506049.15157008  1468506049.15158010  0.00001001
 464  1468506049.15164804  1468506049.15165806  0.00001001
 465  1468506049.15172505  1468506049.15173602  0.00001097
 466  1468506049.15180302  1468506049.15181303  0.00001001
 467  1468506049.15188098  1468506049.15189195  0.00001097
 468  1468506049.15196109  1468506049.15197206  0.00001097
 469  1468506049.15203905  1468506049.15205002  0.00001097
 470  1468506049.15211606  1468506049.15212703  0.00001097
 471  1468506049.15219402  1468506049.15220499  0.00001097
 472  1468506049.15227103  1468506049.15228200  0.00001097
 473  1468506049.15234900  1468506049.15235996  0.00001097
 474  1468506049.15242696  1468506049.15243793  0.00001097
 475  1468506049.15250492  1468506049.15251589  0.00001097
 476  1468506049.15258288  1468506049.15259290  0.00001001
 477  1468506049.15265989  1468506049.15266991  0.00001001
 478  1468506049.15273690  1468506049.15274811  0.00001121
 479  1468506049.15281606  1468506049.15282893  0.00001287
 480  1468506049.15289688  1468506049.15290689  0.00001001
 481  1468506049.15297389  1468506049.15298510  0.00001121
 482  1468506049.15305209  1468506049.15306211  0.00001001
 483  1468506049.15312910  1468506049.15314007  0.00001097
 484  1468506049.15320706  1468506049.15321708  0.00001001
 485  1468506049.15328407  1468506049.15329504  0.00001097
 486  1468506049.15336204  1468506049.15337300  0.00001097
 487  1468506049.15344095  1468506049.15345097  0.00001001
 488  1468506049.15351796  1468506049.15352798  0.00001001
 489  1468506049.15359497  1468506049.15360594  0.00001097
 490  1468506049.15367293  1468506049.15368295  0.00001001
 491  1468506049.15374994  1468506049.15375996  0.00001001
 492  1468506049.15384197  1468506049.15385294  0.00001097
 493  1468506049.15392089  1468506049.15393209  0.00001121
 494  1468506049.15400004  1468506049.15401006  0.00001001
 495  1468506049.15407801  1468506049.15408802  0.00001001
 496  1468506049.15415502  1468506049.15416598  0.00001097
 497  1468506049.15423203  1468506049.15424299  0.00001097
 498  1468506049.15430999  1468506049.15432000  0.00001001
 499  1468506049.15438700  1468506049.15439701  0.00001001
 500  1468506049.15446401  1468506049.15447497  0.00001097
 501  1468506049.15454197  1468506049.15455294  0.00001097
 502  1468506049.15461993  1468506049.15462995  0.00001001
 503  1468506049.15469790  1468506049.15470791  0.00001001
 504  1468506049.15477395  1468506049.15478492  0.00001097
 505  1468506049.15485191  1468506049.15486193  0.00001001
 506  1468506049.15492892  1468506049.15493894  0.00001001
 507  1468506049.15500593  1468506049.15501690  0.00001097
 508  1468506049.15508294  1468506049.15509295  0.00001001
 509  1468506049.15516090  1468506049.15517092  0.00001001
 510  1468506049.15523791  1468506049.15524793  0.00001001
 511  1468506049.15531492  1468506049.15532589  0.00001097
 512  1468506049.15539193  1468506049.15540290  0.00001097
 513  1468506049.15546989  1468506049.15547991  0.00001001
 514  1468506049.15554690  1468506049.15555811  0.00001121
 515  1468506049.15562510  1468506049.15563512  0.00001001
 516  1468506049.15570211  1468506049.15571189  0.00000978
 517  1468506049.15577793  1468506049.15578890  0.00001097
 518  1468506049.15585494  1468506049.15586591  0.00001097
 519  1468506049.15593696  1468506049.15594792  0.00001097
 520  1468506049.15601492  1468506049.15602493  0.00001001
 521  1468506049.15609193  1468506049.15610290  0.00001097
 522  1468506049.15616989  1468506049.15618110  0.00001121
 523  1468506049.15624690  1468506049.15625811  0.00001121
 524  1468506049.15632391  1468506049.15633512  0.00001121
 525  1468506049.15640092  1468506049.15641189  0.00001097
 526  1468506049.15647793  1468506049.15648890  0.00001097
 527  1468506049.15655589  1468506049.15656590  0.00001001
 528  1468506049.15663290  1468506049.15664291  0.00001001
 529  1468506049.15670991  1468506049.15671992  0.00001001
 530  1468506049.15678692  1468506049.15679789  0.00001097
 531  1468506049.15686393  1468506049.15687490  0.00001097
 532  1468506049.15694189  1468506049.15695190  0.00001001
 533  1468506049.15702009  1468506049.15703011  0.00001001
 534  1468506049.15709710  1468506049.15710711  0.00001001
 535  1468506049.15717602  1468506049.15718603  0.00001001
 536  1468506049.15725303  1468506049.15727711  0.00002408
 537  1468506049.15734601  1468506049.15735698  0.00001097
 538  1468506049.15742493  1468506049.15743494  0.00001001
 539  1468506049.15750194  1468506049.15751505  0.00001311
 540  1468506049.15758204  1468506049.15759206  0.00001001
 541  1468506049.15765905  1468506049.15767002  0.00001097
 542  1468506049.15773702  1468506049.15774703  0.00001001
 543  1468506049.15781403  1468506049.15782404  0.00001001
 544  1468506049.15789104  1468506049.15790200  0.00001097
 545  1468506049.15796900  1468506049.15797901  0.00001001
 546  1468506049.15804696  1468506049.15805697  0.00001001
 547  1468506049.15812397  1468506049.15813398  0.00001001
 548  1468506049.15820193  1468506049.15821195  0.00001001
 549  1468506049.15827799  1468506049.15828800  0.00001001
 550  1468506049.15835500  1468506049.15836501  0.00001001
 551  1468506049.15843201  1468506049.15844202  0.00001001
 552  1468506049.15850902  1468506049.15851998  0.00001097
 553  1468506049.15858698  1468506049.15859699  0.00001001
 554  1468506049.15866399  1468506049.15867496  0.00001097
 555  1468506049.15874290  1468506049.15875411  0.00001121
 556  1468506049.15882111  1468506049.15883088  0.00000978
 557  1468506049.15889907  1468506049.15890908  0.00001001
 558  1468506049.15897703  1468506049.15898705  0.00001001
 559  1468506049.15905499  1468506049.15906501  0.00001001
 560  1468506049.15913296  1468506049.15914297  0.00001001
 561  1468506049.15920997  1468506049.15921998  0.00001001
 562  1468506049.15928793  1468506049.15929794  0.00001001
 563  1468506049.15936399  1468506049.15937495  0.00001097
 564  1468506049.15944099  1468506049.15945196  0.00001097
 565  1468506049.15951896  1468506049.15952897  0.00001001
 566  1468506049.15959501  1468506049.15960598  0.00001097
 567  1468506049.15967298  1468506049.15968394  0.00001097
 568  1468506049.15975094  1468506049.15976191  0.00001097
 569  1468506049.15982890  1468506049.15983891  0.00001001
 570  1468506049.15990591  1468506049.15991592  0.00001001
 571  1468506049.15998292  1468506049.15999293  0.00001001
 572  1468506049.16005898  1468506049.16006994  0.00001097
 573  1468506049.16013694  1468506049.16014791  0.00001097
 574  1468506049.16021490  1468506049.16022611  0.00001121
 575  1468506049.16029406  1468506049.16032696  0.00003290
 576  1468506049.16039705  1468506049.16040802  0.00001097
 577  1468506049.16048193  1468506049.16049504  0.00001311
 578  1468506049.16056395  1468506049.16057396  0.00001001
 579  1468506049.16064191  1468506049.16065192  0.00001001
 580  1468506049.16071892  1468506049.16072989  0.00001097
 581  1468506049.16079712  1468506049.16080809  0.00001097
 582  1468506049.16087604  1468506049.16088605  0.00001001
 583  1468506049.16095400  1468506049.16096401  0.00001001
 584  1468506049.16103101  1468506049.16104198  0.00001097
 585  1468506049.16110897  1468506049.16111898  0.00001001
 586  1468506049.16118503  1468506049.16119504  0.00001001
 587  1468506049.16126299  1468506049.16127300  0.00001001
 588  1468506049.16134000  1468506049.16135097  0.00001097
 589  1468506049.16141796  1468506049.16142797  0.00001001
 590  1468506049.16149497  1468506049.16150594  0.00001097
 591  1468506049.16157293  1468506049.16158295  0.00001001
 592  1468506049.16164994  1468506049.16166091  0.00001097
 593  1468506049.16172695  1468506049.16173792  0.00001097
 594  1468506049.16180491  1468506049.16181493  0.00001001
 595  1468506049.16188192  1468506049.16189194  0.00001001
 596  1468506049.16195893  1468506049.16196990  0.00001097
 597  1468506049.16203690  1468506049.16204691  0.00001001
 598  1468506049.16211390  1468506049.16212392  0.00001001
 599  1468506049.16219211  1468506049.16220498  0.00001287
 600  1468506049.16227198  1468506049.16228199  0.00001001
 601  1468506049.16234994  1468506049.16236091  0.00001097
 602  1468506049.16242790  1468506049.16243792  0.00001001
 603  1468506049.16250610  1468506049.16251612  0.00001001
 604  1468506049.16258311  1468506049.16259289  0.00000978
 605  1468506049.16265988  1468506049.16266990  0.00001001
 606  1468506049.16273689  1468506049.16274810  0.00001121
 607  1468506049.16281509  1468506049.16282606  0.00001097
 608  1468506049.16289306  1468506049.16290307  0.00001001
 609  1468506049.16297102  1468506049.16298103  0.00001001
 610  1468506049.16304803  1468506049.16305804  0.00001001
 611  1468506049.16312599  1468506049.16313601  0.00001001
 612  1468506049.16320300  1468506049.16321397  0.00001097
 613  1468506049.16328001  1468506049.16329002  0.00001001
 614  1468506049.16335797  1468506049.16336799  0.00001001
 615  1468506049.16343498  1468506049.16344595  0.00001097
 616  1468506049.16351295  1468506049.16352391  0.00001097
 617  1468506049.16358995  1468506049.16360092  0.00001097
 618  1468506049.16368294  1468506049.16369295  0.00001001
 619  1468506049.16376090  1468506049.16377091  0.00001001
 620  1468506049.16383696  1468506049.16384792  0.00001097
 621  1468506049.16391397  1468506049.16392398  0.00001001
 622  1468506049.16399097  1468506049.16400194  0.00001097
 623  1468506049.16406894  1468506049.16407990  0.00001097
 624  1468506049.16414690  1468506049.16415811  0.00001121
 625  1468506049.16422510  1468506049.16423512  0.00001001
 626  1468506049.16430211  1468506049.16431189  0.00000978
 627  1468506049.16437888  1468506049.16438890  0.00001001
 628  1468506049.16445708  1468506049.16446805  0.00001097
 629  1468506049.16453409  1468506049.16454506  0.00001097
 630  1468506049.16461205  1468506049.16462302  0.00001097
 631  1468506049.16469002  1468506049.16470003  0.00001001
 632  1468506049.16476703  1468506049.16477799  0.00001097
 633  1468506049.16484499  1468506049.16485596  0.00001097
 634  1468506049.16492200  1468506049.16493201  0.00001001
 635  1468506049.16499901  1468506049.16500998  0.00001097
 636  1468506049.16507697  1468506049.16508698  0.00001001
 637  1468506049.16515398  1468506049.16516399  0.00001001
 638  1468506049.16523099  1468506049.16524100  0.00001001
 639  1468506049.16530800  1468506049.16531897  0.00001097
 640  1468506049.16538596  1468506049.16539598  0.00001001
 641  1468506049.16546392  1468506049.16547394  0.00001001
 642  1468506049.16554189  1468506049.16555190  0.00001001
 643  1468506049.16562009  1468506049.16563106  0.00001097
 644  1468506049.16569805  1468506049.16570807  0.00001001
 645  1468506049.16577506  1468506049.16578603  0.00001097
 646  1468506049.16585207  1468506049.16586208  0.00001001
 647  1468506049.16593003  1468506049.16594005  0.00001001
 648  1468506049.16600704  1468506049.16601801  0.00001097
 649  1468506049.16608500  1468506049.16609502  0.00001001
 650  1468506049.16616297  1468506049.16617298  0.00001001
 651  1468506049.16623998  1468506049.16624999  0.00001001
 652  1468506049.16631603  1468506049.16632700  0.00001097
 653  1468506049.16639400  1468506049.16640496  0.00001097
 654  1468506049.16647196  1468506049.16648293  0.00001097
 655  1468506049.16655111  1468506049.16656089  0.00000978
 656  1468506049.16662693  1468506049.16663790  0.00001097
 657  1468506049.16670489  1468506049.16671610  0.00001121
 658  1468506049.16678190  1468506049.16679311  0.00001121
 659  1468506049.16685891  1468506049.16687202  0.00001311
 660  1468506049.16693807  1468506049.16694903  0.00001097
 661  1468506049.16701603  1468506049.16702604  0.00001001
 662  1468506049.16709304  1468506049.16710305  0.00001001
 663  1468506049.16717005  1468506049.16718006  0.00001001
 664  1468506049.16724801  1468506049.16725802  0.00001001
 665  1468506049.16732502  1468506049.16733599  0.00001097
 666  1468506049.16740298  1468506049.16741300  0.00001001
 667  1468506049.16747904  1468506049.16749001  0.00001097
 668  1468506049.16755700  1468506049.16756701  0.00001001
 669  1468506049.16763401  1468506049.16764498  0.00001097
 670  1468506049.16771197  1468506049.16772294  0.00001097
 671  1468506049.16779089  1468506049.16780090  0.00001001
 672  1468506049.16786790  1468506049.16787791  0.00001001
 673  1468506049.16794395  1468506049.16795492  0.00001097
 674  1468506049.16802192  1468506049.16803193  0.00001001
 675  1468506049.16809893  1468506049.16810894  0.00001001
 676  1468506049.16817594  1468506049.16818595  0.00001001
 677  1468506049.16825390  1468506049.16826391  0.00001001
 678  1468506049.16833091  1468506049.16834211  0.00001121
 679  1468506049.16840911  1468506049.16842008  0.00001097
 680  1468506049.16848707  1468506049.16849804  0.00001097
 681  1468506049.16856503  1468506049.16857505  0.00001001
 682  1468506049.16864204  1468506049.16865301  0.00001097
 683  1468506049.16872001  1468506049.16873002  0.00001001
 684  1468506049.16879702  1468506049.16880798  0.00001097
 685  1468506049.16887498  1468506049.16888595  0.00001097
 686  1468506049.16895199  1468506049.16896200  0.00001001
 687  1468506049.16902900  1468506049.16903996  0.00001097
 688  1468506049.16910601  1468506049.16911602  0.00001001
 689  1468506049.16918302  1468506049.16919398  0.00001097
 690  1468506049.16926003  1468506049.16927004  0.00001001
 691  1468506049.16933703  1468506049.16934800  0.00001097
 692  1468506049.16941500  1468506049.16942501  0.00001001
 693  1468506049.16949201  1468506049.16950297  0.00001097
 694  1468506049.16956997  1468506049.16957998  0.00001001
 695  1468506049.16964698  1468506049.16965795  0.00001097
 696  1468506049.16972494  1468506049.16973591  0.00001097
 697  1468506049.16980290  1468506049.16981411  0.00001121
 698  1468506049.16988111  1468506049.16989207  0.00001097
 699  1468506049.16995907  1468506049.16996908  0.00001001
 700  1468506049.17003608  1468506049.17004704  0.00001097
 701  1468506049.17011404  1468506049.17012405  0.00001001
 702  1468506049.17019105  1468506049.17020202  0.00001097
 703  1468506049.17026901  1468506049.17027998  0.00001097
 704  1468506049.17037106  1468506049.17039394  0.00002289
 705  1468506049.17046595  1468506049.17047906  0.00001311
 706  1468506049.17054605  1468506049.17055702  0.00001097
 707  1468506049.17062402  1468506049.17063403  0.00001001
 708  1468506049.17070103  1468506049.17071199  0.00001097
 709  1468506049.17077899  1468506049.17078900  0.00001001
 710  1468506049.17085600  1468506049.17086601  0.00001001
 711  1468506049.17093396  1468506049.17094493  0.00001097
 712  1468506049.17101192  1468506049.17102194  0.00001001
 713  1468506049.17108893  1468506049.17109990  0.00001097
 714  1468506049.17116594  1468506049.17117691  0.00001097
 715  1468506049.17124200  1468506049.17125201  0.00001001
 716  1468506049.17131901  1468506049.17132902  0.00001001
 717  1468506049.17139602  1468506049.17140603  0.00001001
 718  1468506049.17147303  1468506049.17148399  0.00001097
 719  1468506049.17155099  1468506049.17156506  0.00001407
 720  1468506049.17163205  1468506049.17164302  0.00001097
 721  1468506049.17170906  1468506049.17172003  0.00001097
 722  1468506049.17178607  1468506049.17179704  0.00001097
 723  1468506049.17186403  1468506049.17187405  0.00001001
 724  1468506049.17194104  1468506049.17195106  0.00001001
 725  1468506049.17201900  1468506049.17202997  0.00001097
 726  1468506049.17209601  1468506049.17210698  0.00001097
 727  1468506049.17217302  1468506049.17218399  0.00001097
 728  1468506049.17225099  1468506049.17226195  0.00001097
 729  1468506049.17232800  1468506049.17233896  0.00001097
 730  1468506049.17240596  1468506049.17241693  0.00001097
 731  1468506049.17248392  1468506049.17249393  0.00001001
 732  1468506049.17256093  1468506049.17257190  0.00001097
 733  1468506049.17263794  1468506049.17264795  0.00001001
 734  1468506049.17271495  1468506049.17272592  0.00001097
 735  1468506049.17279410  1468506049.17280412  0.00001001
 736  1468506049.17287111  1468506049.17288089  0.00000978
 737  1468506049.17294788  1468506049.17295909  0.00001121
 738  1468506049.17302704  1468506049.17303705  0.00001001
 739  1468506049.17310500  1468506049.17311502  0.00001001
 740  1468506049.17318201  1468506049.17319298  0.00001097
 741  1468506049.17325997  1468506049.17327094  0.00001097
 742  1468506049.17333698  1468506049.17334795  0.00001097
 743  1468506049.17341495  1468506049.17342496  0.00001001
 744  1468506049.17349291  1468506049.17350292  0.00001001
 745  1468506049.17356992  1468506049.17358088  0.00001097
 746  1468506049.17364812  1468506049.17365789  0.00000978
 747  1468506049.17372394  1468506049.17373395  0.00001001
 748  1468506049.17380095  1468506049.17381096  0.00001001
 749  1468506049.17387891  1468506049.17388892  0.00001001
 750  1468506049.17395592  1468506049.17396593  0.00001001
 751  1468506049.17403793  1468506049.17404795  0.00001001
 752  1468506049.17411590  1468506049.17412710  0.00001121
 753  1468506049.17419410  1468506049.17420411  0.00001001
 754  1468506049.17427206  1468506049.17428303  0.00001097
 755  1468506049.17435002  1468506049.17436004  0.00001001
 756  1468506049.17442703  1468506049.17443800  0.00001097
 757  1468506049.17450500  1468506049.17451596  0.00001097
 758  1468506049.17458200  1468506049.17459297  0.00001097
 759  1468506049.17465997  1468506049.17467093  0.00001097
 760  1468506049.17473793  1468506049.17474890  0.00001097
 761  1468506049.17481494  1468506049.17482591  0.00001097
 762  1468506049.17489290  1468506049.17490292  0.00001001
 763  1468506049.17496991  1468506049.17498112  0.00001121
 764  1468506049.17504907  1468506049.17506003  0.00001097
 765  1468506049.17512798  1468506049.17513800  0.00001001
 766  1468506049.17520595  1468506049.17521596  0.00001001
 767  1468506049.17528296  1468506049.17529392  0.00001097
 768  1468506049.17535996  1468506049.17537093  0.00001097
 769  1468506049.17543793  1468506049.17544794  0.00001001
 770  1468506049.17551494  1468506049.17552495  0.00001001
 771  1468506049.17559290  1468506049.17560291  0.00001001
 772  1468506049.17566991  1468506049.17567992  0.00001001
 773  1468506049.17574692  1468506049.17575788  0.00001097
 774  1468506049.17582393  1468506049.17583489  0.00001097
 775  1468506049.17590189  1468506049.17591310  0.00001121
 776  1468506049.17598009  1468506049.17599010  0.00001001
 777  1468506049.17605710  1468506049.17606807  0.00001097
 778  1468506049.17613506  1468506049.17614603  0.00001097
 779  1468506049.17621303  1468506049.17622590  0.00001287
 780  1468506049.17629290  1468506049.17630410  0.00001121
 781  1468506049.17637110  1468506049.17638206  0.00001097
 782  1468506049.17644811  1468506049.17645788  0.00000978
 783  1468506049.17652512  1468506049.17653489  0.00000978
 784  1468506049.17660093  1468506049.17661190  0.00001097
 785  1468506049.17667890  1468506049.17668891  0.00001001
 786  1468506049.17675710  1468506049.17676711  0.00001001
 787  1468506049.17683291  1468506049.17684388  0.00001097
 788  1468506049.17691112  1468506049.17692208  0.00001097
 789  1468506049.17698789  1468506049.17699909  0.00001121
 790  1468506049.17706490  1468506049.17707491  0.00001001
 791  1468506049.17714310  1468506049.17715406  0.00001097
 792  1468506049.17722011  1468506049.17724395  0.00002384
 793  1468506049.17731309  1468506049.17732406  0.00001097
 794  1468506049.17739201  1468506049.17740297  0.00001097
 795  1468506049.17746997  1468506049.17748094  0.00001097
 796  1468506049.17754698  1468506049.17755795  0.00001097
 797  1468506049.17762494  1468506049.17763591  0.00001097
 798  1468506049.17770290  1468506049.17771292  0.00001001
 799  1468506049.17778111  1468506049.17779112  0.00001001
 800  1468506049.17785811  1468506049.17786908  0.00001097
 801  1468506049.17793608  1468506049.17794609  0.00001001
 802  1468506049.17801309  1468506049.17802405  0.00001097
 803  1468506049.17809010  1468506049.17810106  0.00001097
 804  1468506049.17816710  1468506049.17817712  0.00001001
 805  1468506049.17824507  1468506049.17825508  0.00001001
 806  1468506049.17832208  1468506049.17833304  0.00001097
 807  1468506049.17840099  1468506049.17841196  0.00001097
 808  1468506049.17847896  1468506049.17848897  0.00001001
 809  1468506049.17855597  1468506049.17856693  0.00001097
 810  1468506049.17863393  1468506049.17864394  0.00001001
 811  1468506049.17871094  1468506049.17872095  0.00001001
 812  1468506049.17878890  1468506049.17879891  0.00001001
 813  1468506049.17886591  1468506049.17887592  0.00001001
 814  1468506049.17894292  1468506049.17895389  0.00001097
 815  1468506049.17902088  1468506049.17903209  0.00001121
 816  1468506049.17909908  1468506049.17911005  0.00001097
 817  1468506049.17917705  1468506049.17918706  0.00001001
 818  1468506049.17925501  1468506049.17926598  0.00001097
 819  1468506049.17933297  1468506049.17934394  0.00001097
 820  1468506049.17941189  1468506049.17942309  0.00001121
 821  1468506049.17949009  1468506049.17950010  0.00001001
 822  1468506049.17956710  1468506049.17957711  0.00001001
 823  1468506049.17964506  1468506049.17965508  0.00001001
 824  1468506049.17972207  1468506049.17973304  0.00001097
 825  1468506049.17980003  1468506049.17981005  0.00001001
 826  1468506049.17987704  1468506049.17988801  0.00001097
 827  1468506049.17995596  1468506049.17996597  0.00001001
 828  1468506049.18003297  1468506049.18004394  0.00001097
 829  1468506049.18011093  1468506049.18012190  0.00001097
 830  1468506049.18018889  1468506049.18019891  0.00001001
 831  1468506049.18026710  1468506049.18027711  0.00001001
 832  1468506049.18036890  1468506049.18038011  0.00001121
 833  1468506049.18045497  1468506049.18046689  0.00001192
 834  1468506049.18053603  1468506049.18054700  0.00001097
 835  1468506049.18061304  1468506049.18062401  0.00001097
 836  1468506049.18069005  1468506049.18070102  0.00001097
 837  1468506049.18076801  1468506049.18077898  0.00001097
 838  1468506049.18084502  1468506049.18085599  0.00001097
 839  1468506049.18092299  1468506049.18093610  0.00001311
 840  1468506049.18100309  1468506049.18101406  0.00001097
 841  1468506049.18108106  1468506049.18109107  0.00001001
 842  1468506049.18115807  1468506049.18116808  0.00001001
 843  1468506049.18123603  1468506049.18124604  0.00001001
 844  1468506049.18131304  1468506049.18132401  0.00001097
 845  1468506049.18139100  1468506049.18140101  0.00001001
 846  1468506049.18146801  1468506049.18147802  0.00001001
 847  1468506049.18154502  1468506049.18155599  0.00001097
 848  1468506049.18162107  1468506049.18163204  0.00001097
 849  1468506049.18169808  1468506049.18170905  0.00001097
 850  1468506049.18177509  1468506049.18178511  0.00001001
 851  1468506049.18185210  1468506049.18186212  0.00001001
 852  1468506049.18192911  1468506049.18194008  0.00001097
 853  1468506049.18200707  1468506049.18201709  0.00001001
 854  1468506049.18208408  1468506049.18209410  0.00001001
 855  1468506049.18216205  1468506049.18217206  0.00001001
 856  1468506049.18223906  1468506049.18224907  0.00001001
 857  1468506049.18231606  1468506049.18232703  0.00001097
 858  1468506049.18239307  1468506049.18240309  0.00001001
 859  1468506049.18247008  1468506049.18248105  0.00001097
 860  1468506049.18254709  1468506049.18255806  0.00001097
 861  1468506049.18262506  1468506049.18263507  0.00001001
 862  1468506049.18270111  1468506049.18271089  0.00000978
 863  1468506049.18277788  1468506049.18278790  0.00001001
 864  1468506049.18285489  1468506049.18286610  0.00001121
 865  1468506049.18293190  1468506049.18294191  0.00001001
 866  1468506049.18300891  1468506049.18301892  0.00001001
 867  1468506049.18308711  1468506049.18309689  0.00000978
 868  1468506049.18316388  1468506049.18317509  0.00001121
 869  1468506049.18324208  1468506049.18325210  0.00001001
 870  1468506049.18331909  1468506049.18332911  0.00001001
 871  1468506049.18339705  1468506049.18340707  0.00001001
 872  1468506049.18347406  1468506049.18348408  0.00001001
 873  1468506049.18355107  1468506049.18356204  0.00001097
 874  1468506049.18362808  1468506049.18363905  0.00001097
 875  1468506049.18370605  1468506049.18371606  0.00001001
 876  1468506049.18378210  1468506049.18379307  0.00001097
 877  1468506049.18385911  1468506049.18387008  0.00001097
 878  1468506049.18393707  1468506049.18394709  0.00001001
 879  1468506049.18401504  1468506049.18402505  0.00001001
 880  1468506049.18409204  1468506049.18410206  0.00001001
 881  1468506049.18416905  1468506049.18417907  0.00001001
 882  1468506049.18424511  1468506049.18425608  0.00001097
 883  1468506049.18432212  1468506049.18433189  0.00000978
 884  1468506049.18439794  1468506049.18440890  0.00001097
 885  1468506049.18447495  1468506049.18448496  0.00001001
 886  1468506049.18455100  1468506049.18456197  0.00001097
 887  1468506049.18462896  1468506049.18463993  0.00001097
 888  1468506049.18470597  1468506049.18471694  0.00001097
 889  1468506049.18478489  1468506049.18479490  0.00001001
 890  1468506049.18486190  1468506049.18487191  0.00001001
 891  1468506049.18493891  1468506049.18494892  0.00001001
 892  1468506049.18501592  1468506049.18502593  0.00001001
 893  1468506049.18509293  1468506049.18510389  0.00001097
 894  1468506049.18516994  1468506049.18518090  0.00001097
 895  1468506049.18524909  1468506049.18525910  0.00001001
 896  1468506049.18532491  1468506049.18533611  0.00001121
 897  1468506049.18540311  1468506049.18541288  0.00000978
 898  1468506049.18547893  1468506049.18548989  0.00001097
 899  1468506049.18555593  1468506049.18557000  0.00001407
 900  1468506049.18563700  1468506049.18564796  0.00001097
 901  1468506049.18571496  1468506049.18572497  0.00001001
 902  1468506049.18579292  1468506049.18580389  0.00001097
 903  1468506049.18587089  1468506049.18588209  0.00001121
 904  1468506049.18594790  1468506049.18595910  0.00001121
 905  1468506049.18602610  1468506049.18603706  0.00001097
 906  1468506049.18610406  1468506049.18611503  0.00001097
 907  1468506049.18618202  1468506049.18619204  0.00001001
 908  1468506049.18625903  1468506049.18626904  0.00001001
 909  1468506049.18633604  1468506049.18634701  0.00001097
 910  1468506049.18641305  1468506049.18642402  0.00001097
 911  1468506049.18649101  1468506049.18650198  0.00001097
 912  1468506049.18657207  1468506049.18658304  0.00001097
 913  1468506049.18665004  1468506049.18666101  0.00001097
 914  1468506049.18672895  1468506049.18673897  0.00001001
 915  1468506049.18680596  1468506049.18681598  0.00001001
 916  1468506049.18688393  1468506049.18689394  0.00001001
 917  1468506049.18696094  1468506049.18697095  0.00001001
 918  1468506049.18703794  1468506049.18704796  0.00001001
 919  1468506049.18711495  1468506049.18712497  0.00001001
 920  1468506049.18719196  1468506049.18720293  0.00001097
 921  1468506049.18726993  1468506049.18727994  0.00001001
 922  1468506049.18734694  1468506049.18735790  0.00001097
 923  1468506049.18742490  1468506049.18743491  0.00001001
 924  1468506049.18750310  1468506049.18751407  0.00001097
 925  1468506049.18759298  1468506049.18760395  0.00001097
 926  1468506049.18767095  1468506049.18768191  0.00001097
 927  1468506049.18775010  1468506049.18776011  0.00001001
 928  1468506049.18782711  1468506049.18783689  0.00000978
 929  1468506049.18790507  1468506049.18791509  0.00001001
 930  1468506049.18798208  1468506049.18799210  0.00001001
 931  1468506049.18805909  1468506049.18806911  0.00001001
 932  1468506049.18813610  1468506049.18814707  0.00001097
 933  1468506049.18821311  1468506049.18822408  0.00001097
 934  1468506049.18829012  1468506049.18829989  0.00000978
 935  1468506049.18836689  1468506049.18837810  0.00001121
 936  1468506049.18844509  1468506049.18845510  0.00001001
 937  1468506049.18852210  1468506049.18853307  0.00001097
 938  1468506049.18859911  1468506049.18861008  0.00001097
 939  1468506049.18867707  1468506049.18868709  0.00001001
 940  1468506049.18875408  1468506049.18876410  0.00001001
 941  1468506049.18883204  1468506049.18884206  0.00001001
 942  1468506049.18890905  1468506049.18891907  0.00001001
 943  1468506049.18898797  1468506049.18899798  0.00001001
 944  1468506049.18906498  1468506049.18907499  0.00001001
 945  1468506049.18914199  1468506049.18915200  0.00001001
 946  1468506049.18921900  1468506049.18922901  0.00001001
 947  1468506049.18929601  1468506049.18930602  0.00001001
 948  1468506049.18937302  1468506049.18938398  0.00001097
 949  1468506049.18945003  1468506049.18946004  0.00001001
 950  1468506049.18952703  1468506049.18953800  0.00001097
 951  1468506049.18960500  1468506049.18961501  0.00001001
 952  1468506049.18968296  1468506049.18969297  0.00001001
 953  1468506049.18975997  1468506049.18976998  0.00001001
 954  1468506049.18983698  1468506049.18984699  0.00001001
 955  1468506049.18991399  1468506049.18992496  0.00001097
 956  1468506049.18999195  1468506049.19000196  0.00001001
 957  1468506049.19006991  1468506049.19008088  0.00001097
 958  1468506049.19014692  1468506049.19015789  0.00001097
 959  1468506049.19022608  1468506049.19023895  0.00001287
 960  1468506049.19032788  1468506049.19035196  0.00002408
 961  1468506049.19042301  1468506049.19043589  0.00001287
 962  1468506049.19050503  1468506049.19051600  0.00001097
 963  1468506049.19058394  1468506049.19059491  0.00001097
 964  1468506049.19066095  1468506049.19067192  0.00001097
 965  1468506049.19073892  1468506049.19074893  0.00001001
 966  1468506049.19081712  1468506049.19082689  0.00000978
 967  1468506049.19089389  1468506049.19090509  0.00001121
 968  1468506049.19097304  1468506049.19098306  0.00001001
 969  1468506049.19105005  1468506049.19106007  0.00001001
 970  1468506049.19112802  1468506049.19113803  0.00001001
 971  1468506049.19120502  1468506049.19121504  0.00001001
 972  1468506049.19128203  1468506049.19129300  0.00001097
 973  1468506049.19136095  1468506049.19137096  0.00001001
 974  1468506049.19143796  1468506049.19144797  0.00001001
 975  1468506049.19151497  1468506049.19152498  0.00001001
 976  1468506049.19159293  1468506049.19160295  0.00001001
 977  1468506049.19166994  1468506049.19168091  0.00001097
 978  1468506049.19174790  1468506049.19175792  0.00001001
 979  1468506049.19182491  1468506049.19183493  0.00001001
 980  1468506049.19190192  1468506049.19191194  0.00001001
 981  1468506049.19197893  1468506049.19198895  0.00001001
 982  1468506049.19205594  1468506049.19206691  0.00001097
 983  1468506049.19213510  1468506049.19214606  0.00001097
 984  1468506049.19221401  1468506049.19222403  0.00001001
 985  1468506049.19229198  1468506049.19230199  0.00001001
 986  1468506049.19236898  1468506049.19237900  0.00001001
 987  1468506049.19244504  1468506049.19245601  0.00001097
 988  1468506049.19252300  1468506049.19253397  0.00001097
 989  1468506049.19260001  1468506049.19261098  0.00001097
 990  1468506049.19267797  1468506049.19268799  0.00001001
 991  1468506049.19275498  1468506049.19276595  0.00001097
 992  1468506049.19283390  1468506049.19284511  0.00001121
 993  1468506049.19291210  1468506049.19292212  0.00001001
 994  1468506049.19298911  1468506049.19300008  0.00001097
 995  1468506049.19306707  1468506049.19307804  0.00001097
 996  1468506049.19314504  1468506049.19315505  0.00001001
 997  1468506049.19322300  1468506049.19323397  0.00001097
 998  1468506049.19330001  1468506049.19331098  0.00001097
 999  1468506049.19337797  1468506049.19338799  0.00001001
1000  1468506049.19345498  1468506049.19346595  0.00001097
***************************************************

*** Avg round trip time = 10 microseconds
*** Avg one way latency = 5 microseconds
